(kicad_pcb (version 20171130) (host pcbnew "(5.0.0)")

  (general
    (thickness 1.6)
    (drawings 6)
    (tracks 60)
    (zones 0)
    (modules 19)
    (nets 7)
  )

  (page A4)
  (layers
    (0 F.Cu signal)
    (31 B.Cu signal)
    (32 B.Adhes user)
    (33 F.Adhes user)
    (34 B.Paste user)
    (35 F.Paste user)
    (36 B.SilkS user)
    (37 F.SilkS user)
    (38 B.Mask user)
    (39 F.Mask user)
    (40 Dwgs.User user)
    (41 Cmts.User user)
    (42 Eco1.User user)
    (43 Eco2.User user)
    (44 Edge.Cuts user)
    (45 Margin user)
    (46 B.CrtYd user)
    (47 F.CrtYd user)
    (48 B.Fab user)
    (49 F.Fab user)
  )

  (setup
    (last_trace_width 0.4)
    (trace_clearance 0.4)
    (zone_clearance 0.508)
    (zone_45_only no)
    (trace_min 0.4)
    (segment_width 0.2)
    (edge_width 0.15)
    (via_size 0.8)
    (via_drill 0.4)
    (via_min_size 0.4)
    (via_min_drill 0.3)
    (uvia_size 0.3)
    (uvia_drill 0.1)
    (uvias_allowed no)
    (uvia_min_size 0.2)
    (uvia_min_drill 0.1)
    (pcb_text_width 0.3)
    (pcb_text_size 1.5 1.5)
    (mod_edge_width 0.15)
    (mod_text_size 1 1)
    (mod_text_width 0.15)
    (pad_size 1.524 1.524)
    (pad_drill 0.762)
    (pad_to_mask_clearance 0.2)
    (aux_axis_origin 0 0)
    (visible_elements 7FFFFFFF)
    (pcbplotparams
      (layerselection 0x010fc_ffffffff)
      (usegerberextensions false)
      (usegerberattributes false)
      (usegerberadvancedattributes false)
      (creategerberjobfile false)
      (excludeedgelayer true)
      (linewidth 0.100000)
      (plotframeref false)
      (viasonmask false)
      (mode 1)
      (useauxorigin false)
      (hpglpennumber 1)
      (hpglpenspeed 20)
      (hpglpendiameter 15.000000)
      (psnegative false)
      (psa4output false)
      (plotreference true)
      (plotvalue true)
      (plotinvisibletext false)
      (padsonsilk false)
      (subtractmaskfromsilk false)
      (outputformat 1)
      (mirror false)
      (drillshape 1)
      (scaleselection 1)
      (outputdirectory ""))
  )

  (net 0 "")
  (net 1 VCC)
  (net 2 GND)
  (net 3 "Net-(J2-Pad2)")
  (net 4 /VOUT)
  (net 5 /I+)
  (net 6 /I-)

  (net_class Default "This is the default net class."
    (clearance 0.4)
    (trace_width 0.4)
    (via_dia 0.8)
    (via_drill 0.4)
    (uvia_dia 0.3)
    (uvia_drill 0.1)
    (diff_pair_gap 0.4)
    (diff_pair_width 0.5)
    (add_net /I+)
    (add_net /I-)
    (add_net /VOUT)
    (add_net GND)
    (add_net "Net-(J2-Pad2)")
    (add_net VCC)
  )

  (module Capacitor_SMD:C_0603_1608Metric (layer F.Cu) (tedit 5B301BBE) (tstamp 5BC71E4D)
    (at 133.5532 140.5128 90)
    (descr "Capacitor SMD 0603 (1608 Metric), square (rectangular) end terminal, IPC_7351 nominal, (Body size source: http://www.tortai-tech.com/upload/download/2011102023233369053.pdf), generated with kicad-footprint-generator")
    (tags capacitor)
    (path /5BBB88D5)
    (attr smd)
    (fp_text reference C1 (at 0 -1.43 90) (layer F.SilkS)
      (effects (font (size 1 1) (thickness 0.15)))
    )
    (fp_text value C (at 0 1.43 90) (layer F.Fab)
      (effects (font (size 1 1) (thickness 0.15)))
    )
    (fp_line (start -0.8 0.4) (end -0.8 -0.4) (layer F.Fab) (width 0.1))
    (fp_line (start -0.8 -0.4) (end 0.8 -0.4) (layer F.Fab) (width 0.1))
    (fp_line (start 0.8 -0.4) (end 0.8 0.4) (layer F.Fab) (width 0.1))
    (fp_line (start 0.8 0.4) (end -0.8 0.4) (layer F.Fab) (width 0.1))
    (fp_line (start -0.162779 -0.51) (end 0.162779 -0.51) (layer F.SilkS) (width 0.12))
    (fp_line (start -0.162779 0.51) (end 0.162779 0.51) (layer F.SilkS) (width 0.12))
    (fp_line (start -1.48 0.73) (end -1.48 -0.73) (layer F.CrtYd) (width 0.05))
    (fp_line (start -1.48 -0.73) (end 1.48 -0.73) (layer F.CrtYd) (width 0.05))
    (fp_line (start 1.48 -0.73) (end 1.48 0.73) (layer F.CrtYd) (width 0.05))
    (fp_line (start 1.48 0.73) (end -1.48 0.73) (layer F.CrtYd) (width 0.05))
    (fp_text user %R (at 0 0 90) (layer F.Fab)
      (effects (font (size 0.4 0.4) (thickness 0.06)))
    )
    (pad 1 smd roundrect (at -0.7875 0 90) (size 0.875 0.95) (layers F.Cu F.Paste F.Mask) (roundrect_rratio 0.25)
      (net 1 VCC))
    (pad 2 smd roundrect (at 0.7875 0 90) (size 0.875 0.95) (layers F.Cu F.Paste F.Mask) (roundrect_rratio 0.25)
      (net 2 GND))
    (model ${KISYS3DMOD}/Capacitor_SMD.3dshapes/C_0603_1608Metric.wrl
      (at (xyz 0 0 0))
      (scale (xyz 1 1 1))
      (rotate (xyz 0 0 0))
    )
  )

  (module Capacitor_SMD:C_0603_1608Metric (layer F.Cu) (tedit 5B301BBE) (tstamp 5BC71FE2)
    (at 134.2899 143.1036)
    (descr "Capacitor SMD 0603 (1608 Metric), square (rectangular) end terminal, IPC_7351 nominal, (Body size source: http://www.tortai-tech.com/upload/download/2011102023233369053.pdf), generated with kicad-footprint-generator")
    (tags capacitor)
    (path /5BBB872D)
    (attr smd)
    (fp_text reference C2 (at 0 -1.43) (layer F.SilkS)
      (effects (font (size 1 1) (thickness 0.15)))
    )
    (fp_text value C (at 0 1.43) (layer F.Fab)
      (effects (font (size 1 1) (thickness 0.15)))
    )
    (fp_text user %R (at 0 0) (layer F.Fab)
      (effects (font (size 0.4 0.4) (thickness 0.06)))
    )
    (fp_line (start 1.48 0.73) (end -1.48 0.73) (layer F.CrtYd) (width 0.05))
    (fp_line (start 1.48 -0.73) (end 1.48 0.73) (layer F.CrtYd) (width 0.05))
    (fp_line (start -1.48 -0.73) (end 1.48 -0.73) (layer F.CrtYd) (width 0.05))
    (fp_line (start -1.48 0.73) (end -1.48 -0.73) (layer F.CrtYd) (width 0.05))
    (fp_line (start -0.162779 0.51) (end 0.162779 0.51) (layer F.SilkS) (width 0.12))
    (fp_line (start -0.162779 -0.51) (end 0.162779 -0.51) (layer F.SilkS) (width 0.12))
    (fp_line (start 0.8 0.4) (end -0.8 0.4) (layer F.Fab) (width 0.1))
    (fp_line (start 0.8 -0.4) (end 0.8 0.4) (layer F.Fab) (width 0.1))
    (fp_line (start -0.8 -0.4) (end 0.8 -0.4) (layer F.Fab) (width 0.1))
    (fp_line (start -0.8 0.4) (end -0.8 -0.4) (layer F.Fab) (width 0.1))
    (pad 2 smd roundrect (at 0.7875 0) (size 0.875 0.95) (layers F.Cu F.Paste F.Mask) (roundrect_rratio 0.25)
      (net 2 GND))
    (pad 1 smd roundrect (at -0.7875 0) (size 0.875 0.95) (layers F.Cu F.Paste F.Mask) (roundrect_rratio 0.25)
      (net 1 VCC))
    (model ${KISYS3DMOD}/Capacitor_SMD.3dshapes/C_0603_1608Metric.wrl
      (at (xyz 0 0 0))
      (scale (xyz 1 1 1))
      (rotate (xyz 0 0 0))
    )
  )

  (module Capacitor_SMD:C_0603_1608Metric (layer F.Cu) (tedit 5B301BBE) (tstamp 5BC71D8D)
    (at 140.0048 140.9953 270)
    (descr "Capacitor SMD 0603 (1608 Metric), square (rectangular) end terminal, IPC_7351 nominal, (Body size source: http://www.tortai-tech.com/upload/download/2011102023233369053.pdf), generated with kicad-footprint-generator")
    (tags capacitor)
    (path /5BBB1122)
    (attr smd)
    (fp_text reference C3 (at 0 -1.43 270) (layer F.SilkS)
      (effects (font (size 1 1) (thickness 0.15)))
    )
    (fp_text value C (at 0 1.43 270) (layer F.Fab)
      (effects (font (size 1 1) (thickness 0.15)))
    )
    (fp_line (start -0.8 0.4) (end -0.8 -0.4) (layer F.Fab) (width 0.1))
    (fp_line (start -0.8 -0.4) (end 0.8 -0.4) (layer F.Fab) (width 0.1))
    (fp_line (start 0.8 -0.4) (end 0.8 0.4) (layer F.Fab) (width 0.1))
    (fp_line (start 0.8 0.4) (end -0.8 0.4) (layer F.Fab) (width 0.1))
    (fp_line (start -0.162779 -0.51) (end 0.162779 -0.51) (layer F.SilkS) (width 0.12))
    (fp_line (start -0.162779 0.51) (end 0.162779 0.51) (layer F.SilkS) (width 0.12))
    (fp_line (start -1.48 0.73) (end -1.48 -0.73) (layer F.CrtYd) (width 0.05))
    (fp_line (start -1.48 -0.73) (end 1.48 -0.73) (layer F.CrtYd) (width 0.05))
    (fp_line (start 1.48 -0.73) (end 1.48 0.73) (layer F.CrtYd) (width 0.05))
    (fp_line (start 1.48 0.73) (end -1.48 0.73) (layer F.CrtYd) (width 0.05))
    (fp_text user %R (at 0 0 270) (layer F.Fab)
      (effects (font (size 0.4 0.4) (thickness 0.06)))
    )
    (pad 1 smd roundrect (at -0.7875 0 270) (size 0.875 0.95) (layers F.Cu F.Paste F.Mask) (roundrect_rratio 0.25)
      (net 2 GND))
    (pad 2 smd roundrect (at 0.7875 0 270) (size 0.875 0.95) (layers F.Cu F.Paste F.Mask) (roundrect_rratio 0.25)
      (net 4 /VOUT))
    (model ${KISYS3DMOD}/Capacitor_SMD.3dshapes/C_0603_1608Metric.wrl
      (at (xyz 0 0 0))
      (scale (xyz 1 1 1))
      (rotate (xyz 0 0 0))
    )
  )

  (module TerminalBlock:TerminalBlock_bornier-2_P5.08mm (layer F.Cu) (tedit 59FF03AB) (tstamp 5BC71C17)
    (at 139.3952 149.2504 180)
    (descr "simple 2-pin terminal block, pitch 5.08mm, revamped version of bornier2")
    (tags "terminal block bornier2")
    (path /5BBB102C)
    (fp_text reference J1 (at 2.54 -5.08 180) (layer F.SilkS)
      (effects (font (size 1 1) (thickness 0.15)))
    )
    (fp_text value Screw_Terminal_01x02 (at 2.54 5.08 180) (layer F.Fab)
      (effects (font (size 1 1) (thickness 0.15)))
    )
    (fp_text user %R (at 2.54 0 180) (layer F.Fab)
      (effects (font (size 1 1) (thickness 0.15)))
    )
    (fp_line (start -2.41 2.55) (end 7.49 2.55) (layer F.Fab) (width 0.1))
    (fp_line (start -2.46 -3.75) (end -2.46 3.75) (layer F.Fab) (width 0.1))
    (fp_line (start -2.46 3.75) (end 7.54 3.75) (layer F.Fab) (width 0.1))
    (fp_line (start 7.54 3.75) (end 7.54 -3.75) (layer F.Fab) (width 0.1))
    (fp_line (start 7.54 -3.75) (end -2.46 -3.75) (layer F.Fab) (width 0.1))
    (fp_line (start 7.62 2.54) (end -2.54 2.54) (layer F.SilkS) (width 0.12))
    (fp_line (start 7.62 3.81) (end 7.62 -3.81) (layer F.SilkS) (width 0.12))
    (fp_line (start 7.62 -3.81) (end -2.54 -3.81) (layer F.SilkS) (width 0.12))
    (fp_line (start -2.54 -3.81) (end -2.54 3.81) (layer F.SilkS) (width 0.12))
    (fp_line (start -2.54 3.81) (end 7.62 3.81) (layer F.SilkS) (width 0.12))
    (fp_line (start -2.71 -4) (end 7.79 -4) (layer F.CrtYd) (width 0.05))
    (fp_line (start -2.71 -4) (end -2.71 4) (layer F.CrtYd) (width 0.05))
    (fp_line (start 7.79 4) (end 7.79 -4) (layer F.CrtYd) (width 0.05))
    (fp_line (start 7.79 4) (end -2.71 4) (layer F.CrtYd) (width 0.05))
    (pad 1 thru_hole rect (at 0 0 180) (size 3 3) (drill 1.52) (layers *.Cu *.Mask)
      (net 2 GND))
    (pad 2 thru_hole circle (at 5.08 0 180) (size 3 3) (drill 1.52) (layers *.Cu *.Mask)
      (net 1 VCC))
    (model ${KISYS3DMOD}/TerminalBlock.3dshapes/TerminalBlock_bornier-2_P5.08mm.wrl
      (offset (xyz 2.539999961853027 0 0))
      (scale (xyz 1 1 1))
      (rotate (xyz 0 0 0))
    )
  )

  (module TerminalBlock:TerminalBlock_bornier-2_P5.08mm (layer F.Cu) (tedit 59FF03AB) (tstamp 5BC71EE7)
    (at 144.78 92.964 180)
    (descr "simple 2-pin terminal block, pitch 5.08mm, revamped version of bornier2")
    (tags "terminal block bornier2")
    (path /5BBB0E48)
    (fp_text reference J2 (at 2.54 -5.08 180) (layer F.SilkS)
      (effects (font (size 1 1) (thickness 0.15)))
    )
    (fp_text value Screw_Terminal_01x02 (at 2.54 5.08 180) (layer F.Fab)
      (effects (font (size 1 1) (thickness 0.15)))
    )
    (fp_text user %R (at 2.54 0 180) (layer F.Fab)
      (effects (font (size 1 1) (thickness 0.15)))
    )
    (fp_line (start -2.41 2.55) (end 7.49 2.55) (layer F.Fab) (width 0.1))
    (fp_line (start -2.46 -3.75) (end -2.46 3.75) (layer F.Fab) (width 0.1))
    (fp_line (start -2.46 3.75) (end 7.54 3.75) (layer F.Fab) (width 0.1))
    (fp_line (start 7.54 3.75) (end 7.54 -3.75) (layer F.Fab) (width 0.1))
    (fp_line (start 7.54 -3.75) (end -2.46 -3.75) (layer F.Fab) (width 0.1))
    (fp_line (start 7.62 2.54) (end -2.54 2.54) (layer F.SilkS) (width 0.12))
    (fp_line (start 7.62 3.81) (end 7.62 -3.81) (layer F.SilkS) (width 0.12))
    (fp_line (start 7.62 -3.81) (end -2.54 -3.81) (layer F.SilkS) (width 0.12))
    (fp_line (start -2.54 -3.81) (end -2.54 3.81) (layer F.SilkS) (width 0.12))
    (fp_line (start -2.54 3.81) (end 7.62 3.81) (layer F.SilkS) (width 0.12))
    (fp_line (start -2.71 -4) (end 7.79 -4) (layer F.CrtYd) (width 0.05))
    (fp_line (start -2.71 -4) (end -2.71 4) (layer F.CrtYd) (width 0.05))
    (fp_line (start 7.79 4) (end 7.79 -4) (layer F.CrtYd) (width 0.05))
    (fp_line (start 7.79 4) (end -2.71 4) (layer F.CrtYd) (width 0.05))
    (pad 1 thru_hole rect (at 0 0 180) (size 3 3) (drill 1.52) (layers *.Cu *.Mask)
      (net 5 /I+))
    (pad 2 thru_hole circle (at 5.08 0 180) (size 3 3) (drill 1.52) (layers *.Cu *.Mask)
      (net 3 "Net-(J2-Pad2)"))
    (model ${KISYS3DMOD}/TerminalBlock.3dshapes/TerminalBlock_bornier-2_P5.08mm.wrl
      (offset (xyz 2.539999961853027 0 0))
      (scale (xyz 1 1 1))
      (rotate (xyz 0 0 0))
    )
  )

  (module TerminalBlock:TerminalBlock_bornier-2_P5.08mm (layer F.Cu) (tedit 59FF03AB) (tstamp 5BC71B7B)
    (at 134.112 92.964 180)
    (descr "simple 2-pin terminal block, pitch 5.08mm, revamped version of bornier2")
    (tags "terminal block bornier2")
    (path /5BBB0FC6)
    (fp_text reference J3 (at 2.54 -5.08 180) (layer F.SilkS)
      (effects (font (size 1 1) (thickness 0.15)))
    )
    (fp_text value Screw_Terminal_01x02 (at 2.54 5.08 180) (layer F.Fab)
      (effects (font (size 1 1) (thickness 0.15)))
    )
    (fp_line (start 7.79 4) (end -2.71 4) (layer F.CrtYd) (width 0.05))
    (fp_line (start 7.79 4) (end 7.79 -4) (layer F.CrtYd) (width 0.05))
    (fp_line (start -2.71 -4) (end -2.71 4) (layer F.CrtYd) (width 0.05))
    (fp_line (start -2.71 -4) (end 7.79 -4) (layer F.CrtYd) (width 0.05))
    (fp_line (start -2.54 3.81) (end 7.62 3.81) (layer F.SilkS) (width 0.12))
    (fp_line (start -2.54 -3.81) (end -2.54 3.81) (layer F.SilkS) (width 0.12))
    (fp_line (start 7.62 -3.81) (end -2.54 -3.81) (layer F.SilkS) (width 0.12))
    (fp_line (start 7.62 3.81) (end 7.62 -3.81) (layer F.SilkS) (width 0.12))
    (fp_line (start 7.62 2.54) (end -2.54 2.54) (layer F.SilkS) (width 0.12))
    (fp_line (start 7.54 -3.75) (end -2.46 -3.75) (layer F.Fab) (width 0.1))
    (fp_line (start 7.54 3.75) (end 7.54 -3.75) (layer F.Fab) (width 0.1))
    (fp_line (start -2.46 3.75) (end 7.54 3.75) (layer F.Fab) (width 0.1))
    (fp_line (start -2.46 -3.75) (end -2.46 3.75) (layer F.Fab) (width 0.1))
    (fp_line (start -2.41 2.55) (end 7.49 2.55) (layer F.Fab) (width 0.1))
    (fp_text user %R (at 2.54 0 180) (layer F.Fab)
      (effects (font (size 1 1) (thickness 0.15)))
    )
    (pad 2 thru_hole circle (at 5.08 0 180) (size 3 3) (drill 1.52) (layers *.Cu *.Mask)
      (net 6 /I-))
    (pad 1 thru_hole rect (at 0 0 180) (size 3 3) (drill 1.52) (layers *.Cu *.Mask)
      (net 3 "Net-(J2-Pad2)"))
    (model ${KISYS3DMOD}/TerminalBlock.3dshapes/TerminalBlock_bornier-2_P5.08mm.wrl
      (offset (xyz 2.539999961853027 0 0))
      (scale (xyz 1 1 1))
      (rotate (xyz 0 0 0))
    )
  )

  (module Resistor_SMD:R_2512_6332Metric (layer F.Cu) (tedit 5B301BBD) (tstamp 5BC71D5D)
    (at 136.8088 134.3152)
    (descr "Resistor SMD 2512 (6332 Metric), square (rectangular) end terminal, IPC_7351 nominal, (Body size source: http://www.tortai-tech.com/upload/download/2011102023233369053.pdf), generated with kicad-footprint-generator")
    (tags resistor)
    (path /5BBACF5F)
    (attr smd)
    (fp_text reference R1 (at 0 -2.62) (layer F.SilkS)
      (effects (font (size 1 1) (thickness 0.15)))
    )
    (fp_text value R (at 0 2.62) (layer F.Fab)
      (effects (font (size 1 1) (thickness 0.15)))
    )
    (fp_text user %R (at 0 0) (layer F.Fab)
      (effects (font (size 1 1) (thickness 0.15)))
    )
    (fp_line (start 3.82 1.92) (end -3.82 1.92) (layer F.CrtYd) (width 0.05))
    (fp_line (start 3.82 -1.92) (end 3.82 1.92) (layer F.CrtYd) (width 0.05))
    (fp_line (start -3.82 -1.92) (end 3.82 -1.92) (layer F.CrtYd) (width 0.05))
    (fp_line (start -3.82 1.92) (end -3.82 -1.92) (layer F.CrtYd) (width 0.05))
    (fp_line (start -2.052064 1.71) (end 2.052064 1.71) (layer F.SilkS) (width 0.12))
    (fp_line (start -2.052064 -1.71) (end 2.052064 -1.71) (layer F.SilkS) (width 0.12))
    (fp_line (start 3.15 1.6) (end -3.15 1.6) (layer F.Fab) (width 0.1))
    (fp_line (start 3.15 -1.6) (end 3.15 1.6) (layer F.Fab) (width 0.1))
    (fp_line (start -3.15 -1.6) (end 3.15 -1.6) (layer F.Fab) (width 0.1))
    (fp_line (start -3.15 1.6) (end -3.15 -1.6) (layer F.Fab) (width 0.1))
    (pad 2 smd roundrect (at 2.9 0) (size 1.35 3.35) (layers F.Cu F.Paste F.Mask) (roundrect_rratio 0.185185)
      (net 5 /I+))
    (pad 1 smd roundrect (at -2.9 0) (size 1.35 3.35) (layers F.Cu F.Paste F.Mask) (roundrect_rratio 0.185185)
      (net 6 /I-))
    (model ${KISYS3DMOD}/Resistor_SMD.3dshapes/R_2512_6332Metric.wrl
      (at (xyz 0 0 0))
      (scale (xyz 1 1 1))
      (rotate (xyz 0 0 0))
    )
  )

  (module Resistor_SMD:R_2512_6332Metric (layer F.Cu) (tedit 5B301BBD) (tstamp 5BC71D2D)
    (at 136.8088 130.4036)
    (descr "Resistor SMD 2512 (6332 Metric), square (rectangular) end terminal, IPC_7351 nominal, (Body size source: http://www.tortai-tech.com/upload/download/2011102023233369053.pdf), generated with kicad-footprint-generator")
    (tags resistor)
    (path /5BBACF36)
    (attr smd)
    (fp_text reference R2 (at 0 -2.62) (layer F.SilkS)
      (effects (font (size 1 1) (thickness 0.15)))
    )
    (fp_text value R (at 0 2.62) (layer F.Fab)
      (effects (font (size 1 1) (thickness 0.15)))
    )
    (fp_line (start -3.15 1.6) (end -3.15 -1.6) (layer F.Fab) (width 0.1))
    (fp_line (start -3.15 -1.6) (end 3.15 -1.6) (layer F.Fab) (width 0.1))
    (fp_line (start 3.15 -1.6) (end 3.15 1.6) (layer F.Fab) (width 0.1))
    (fp_line (start 3.15 1.6) (end -3.15 1.6) (layer F.Fab) (width 0.1))
    (fp_line (start -2.052064 -1.71) (end 2.052064 -1.71) (layer F.SilkS) (width 0.12))
    (fp_line (start -2.052064 1.71) (end 2.052064 1.71) (layer F.SilkS) (width 0.12))
    (fp_line (start -3.82 1.92) (end -3.82 -1.92) (layer F.CrtYd) (width 0.05))
    (fp_line (start -3.82 -1.92) (end 3.82 -1.92) (layer F.CrtYd) (width 0.05))
    (fp_line (start 3.82 -1.92) (end 3.82 1.92) (layer F.CrtYd) (width 0.05))
    (fp_line (start 3.82 1.92) (end -3.82 1.92) (layer F.CrtYd) (width 0.05))
    (fp_text user %R (at 0 0) (layer F.Fab)
      (effects (font (size 1 1) (thickness 0.15)))
    )
    (pad 1 smd roundrect (at -2.9 0) (size 1.35 3.35) (layers F.Cu F.Paste F.Mask) (roundrect_rratio 0.185185)
      (net 6 /I-))
    (pad 2 smd roundrect (at 2.9 0) (size 1.35 3.35) (layers F.Cu F.Paste F.Mask) (roundrect_rratio 0.185185)
      (net 5 /I+))
    (model ${KISYS3DMOD}/Resistor_SMD.3dshapes/R_2512_6332Metric.wrl
      (at (xyz 0 0 0))
      (scale (xyz 1 1 1))
      (rotate (xyz 0 0 0))
    )
  )

  (module Resistor_SMD:R_2512_6332Metric (layer F.Cu) (tedit 5B301BBD) (tstamp 5BC71BE3)
    (at 136.8088 126.492)
    (descr "Resistor SMD 2512 (6332 Metric), square (rectangular) end terminal, IPC_7351 nominal, (Body size source: http://www.tortai-tech.com/upload/download/2011102023233369053.pdf), generated with kicad-footprint-generator")
    (tags resistor)
    (path /5BBACF0F)
    (attr smd)
    (fp_text reference R3 (at 0 -2.62) (layer F.SilkS)
      (effects (font (size 1 1) (thickness 0.15)))
    )
    (fp_text value R (at 0 2.62) (layer F.Fab)
      (effects (font (size 1 1) (thickness 0.15)))
    )
    (fp_text user %R (at 0 0) (layer F.Fab)
      (effects (font (size 1 1) (thickness 0.15)))
    )
    (fp_line (start 3.82 1.92) (end -3.82 1.92) (layer F.CrtYd) (width 0.05))
    (fp_line (start 3.82 -1.92) (end 3.82 1.92) (layer F.CrtYd) (width 0.05))
    (fp_line (start -3.82 -1.92) (end 3.82 -1.92) (layer F.CrtYd) (width 0.05))
    (fp_line (start -3.82 1.92) (end -3.82 -1.92) (layer F.CrtYd) (width 0.05))
    (fp_line (start -2.052064 1.71) (end 2.052064 1.71) (layer F.SilkS) (width 0.12))
    (fp_line (start -2.052064 -1.71) (end 2.052064 -1.71) (layer F.SilkS) (width 0.12))
    (fp_line (start 3.15 1.6) (end -3.15 1.6) (layer F.Fab) (width 0.1))
    (fp_line (start 3.15 -1.6) (end 3.15 1.6) (layer F.Fab) (width 0.1))
    (fp_line (start -3.15 -1.6) (end 3.15 -1.6) (layer F.Fab) (width 0.1))
    (fp_line (start -3.15 1.6) (end -3.15 -1.6) (layer F.Fab) (width 0.1))
    (pad 2 smd roundrect (at 2.9 0) (size 1.35 3.35) (layers F.Cu F.Paste F.Mask) (roundrect_rratio 0.185185)
      (net 5 /I+))
    (pad 1 smd roundrect (at -2.9 0) (size 1.35 3.35) (layers F.Cu F.Paste F.Mask) (roundrect_rratio 0.185185)
      (net 6 /I-))
    (model ${KISYS3DMOD}/Resistor_SMD.3dshapes/R_2512_6332Metric.wrl
      (at (xyz 0 0 0))
      (scale (xyz 1 1 1))
      (rotate (xyz 0 0 0))
    )
  )

  (module Resistor_SMD:R_2512_6332Metric (layer F.Cu) (tedit 5B301BBD) (tstamp 5BC71E1D)
    (at 136.8088 122.5804)
    (descr "Resistor SMD 2512 (6332 Metric), square (rectangular) end terminal, IPC_7351 nominal, (Body size source: http://www.tortai-tech.com/upload/download/2011102023233369053.pdf), generated with kicad-footprint-generator")
    (tags resistor)
    (path /5BBACEEA)
    (attr smd)
    (fp_text reference R4 (at 0 -2.62) (layer F.SilkS)
      (effects (font (size 1 1) (thickness 0.15)))
    )
    (fp_text value R (at 0 2.62) (layer F.Fab)
      (effects (font (size 1 1) (thickness 0.15)))
    )
    (fp_line (start -3.15 1.6) (end -3.15 -1.6) (layer F.Fab) (width 0.1))
    (fp_line (start -3.15 -1.6) (end 3.15 -1.6) (layer F.Fab) (width 0.1))
    (fp_line (start 3.15 -1.6) (end 3.15 1.6) (layer F.Fab) (width 0.1))
    (fp_line (start 3.15 1.6) (end -3.15 1.6) (layer F.Fab) (width 0.1))
    (fp_line (start -2.052064 -1.71) (end 2.052064 -1.71) (layer F.SilkS) (width 0.12))
    (fp_line (start -2.052064 1.71) (end 2.052064 1.71) (layer F.SilkS) (width 0.12))
    (fp_line (start -3.82 1.92) (end -3.82 -1.92) (layer F.CrtYd) (width 0.05))
    (fp_line (start -3.82 -1.92) (end 3.82 -1.92) (layer F.CrtYd) (width 0.05))
    (fp_line (start 3.82 -1.92) (end 3.82 1.92) (layer F.CrtYd) (width 0.05))
    (fp_line (start 3.82 1.92) (end -3.82 1.92) (layer F.CrtYd) (width 0.05))
    (fp_text user %R (at 0 0) (layer F.Fab)
      (effects (font (size 1 1) (thickness 0.15)))
    )
    (pad 1 smd roundrect (at -2.9 0) (size 1.35 3.35) (layers F.Cu F.Paste F.Mask) (roundrect_rratio 0.185185)
      (net 6 /I-))
    (pad 2 smd roundrect (at 2.9 0) (size 1.35 3.35) (layers F.Cu F.Paste F.Mask) (roundrect_rratio 0.185185)
      (net 5 /I+))
    (model ${KISYS3DMOD}/Resistor_SMD.3dshapes/R_2512_6332Metric.wrl
      (at (xyz 0 0 0))
      (scale (xyz 1 1 1))
      (rotate (xyz 0 0 0))
    )
  )

  (module Resistor_SMD:R_2512_6332Metric (layer F.Cu) (tedit 5B301BBD) (tstamp 5BC71B17)
    (at 136.8088 118.6688)
    (descr "Resistor SMD 2512 (6332 Metric), square (rectangular) end terminal, IPC_7351 nominal, (Body size source: http://www.tortai-tech.com/upload/download/2011102023233369053.pdf), generated with kicad-footprint-generator")
    (tags resistor)
    (path /5BBACEC7)
    (attr smd)
    (fp_text reference R5 (at 0 -2.62) (layer F.SilkS)
      (effects (font (size 1 1) (thickness 0.15)))
    )
    (fp_text value R (at 0 2.62) (layer F.Fab)
      (effects (font (size 1 1) (thickness 0.15)))
    )
    (fp_text user %R (at 0 0) (layer F.Fab)
      (effects (font (size 1 1) (thickness 0.15)))
    )
    (fp_line (start 3.82 1.92) (end -3.82 1.92) (layer F.CrtYd) (width 0.05))
    (fp_line (start 3.82 -1.92) (end 3.82 1.92) (layer F.CrtYd) (width 0.05))
    (fp_line (start -3.82 -1.92) (end 3.82 -1.92) (layer F.CrtYd) (width 0.05))
    (fp_line (start -3.82 1.92) (end -3.82 -1.92) (layer F.CrtYd) (width 0.05))
    (fp_line (start -2.052064 1.71) (end 2.052064 1.71) (layer F.SilkS) (width 0.12))
    (fp_line (start -2.052064 -1.71) (end 2.052064 -1.71) (layer F.SilkS) (width 0.12))
    (fp_line (start 3.15 1.6) (end -3.15 1.6) (layer F.Fab) (width 0.1))
    (fp_line (start 3.15 -1.6) (end 3.15 1.6) (layer F.Fab) (width 0.1))
    (fp_line (start -3.15 -1.6) (end 3.15 -1.6) (layer F.Fab) (width 0.1))
    (fp_line (start -3.15 1.6) (end -3.15 -1.6) (layer F.Fab) (width 0.1))
    (pad 2 smd roundrect (at 2.9 0) (size 1.35 3.35) (layers F.Cu F.Paste F.Mask) (roundrect_rratio 0.185185)
      (net 5 /I+))
    (pad 1 smd roundrect (at -2.9 0) (size 1.35 3.35) (layers F.Cu F.Paste F.Mask) (roundrect_rratio 0.185185)
      (net 6 /I-))
    (model ${KISYS3DMOD}/Resistor_SMD.3dshapes/R_2512_6332Metric.wrl
      (at (xyz 0 0 0))
      (scale (xyz 1 1 1))
      (rotate (xyz 0 0 0))
    )
  )

  (module Resistor_SMD:R_2512_6332Metric (layer F.Cu) (tedit 5B301BBD) (tstamp 5BC71BB3)
    (at 136.8088 114.7572)
    (descr "Resistor SMD 2512 (6332 Metric), square (rectangular) end terminal, IPC_7351 nominal, (Body size source: http://www.tortai-tech.com/upload/download/2011102023233369053.pdf), generated with kicad-footprint-generator")
    (tags resistor)
    (path /5BBACEA6)
    (attr smd)
    (fp_text reference R6 (at 0 -2.62) (layer F.SilkS)
      (effects (font (size 1 1) (thickness 0.15)))
    )
    (fp_text value R (at 0 2.62) (layer F.Fab)
      (effects (font (size 1 1) (thickness 0.15)))
    )
    (fp_line (start -3.15 1.6) (end -3.15 -1.6) (layer F.Fab) (width 0.1))
    (fp_line (start -3.15 -1.6) (end 3.15 -1.6) (layer F.Fab) (width 0.1))
    (fp_line (start 3.15 -1.6) (end 3.15 1.6) (layer F.Fab) (width 0.1))
    (fp_line (start 3.15 1.6) (end -3.15 1.6) (layer F.Fab) (width 0.1))
    (fp_line (start -2.052064 -1.71) (end 2.052064 -1.71) (layer F.SilkS) (width 0.12))
    (fp_line (start -2.052064 1.71) (end 2.052064 1.71) (layer F.SilkS) (width 0.12))
    (fp_line (start -3.82 1.92) (end -3.82 -1.92) (layer F.CrtYd) (width 0.05))
    (fp_line (start -3.82 -1.92) (end 3.82 -1.92) (layer F.CrtYd) (width 0.05))
    (fp_line (start 3.82 -1.92) (end 3.82 1.92) (layer F.CrtYd) (width 0.05))
    (fp_line (start 3.82 1.92) (end -3.82 1.92) (layer F.CrtYd) (width 0.05))
    (fp_text user %R (at 0 0) (layer F.Fab)
      (effects (font (size 1 1) (thickness 0.15)))
    )
    (pad 1 smd roundrect (at -2.9 0) (size 1.35 3.35) (layers F.Cu F.Paste F.Mask) (roundrect_rratio 0.185185)
      (net 6 /I-))
    (pad 2 smd roundrect (at 2.9 0) (size 1.35 3.35) (layers F.Cu F.Paste F.Mask) (roundrect_rratio 0.185185)
      (net 5 /I+))
    (model ${KISYS3DMOD}/Resistor_SMD.3dshapes/R_2512_6332Metric.wrl
      (at (xyz 0 0 0))
      (scale (xyz 1 1 1))
      (rotate (xyz 0 0 0))
    )
  )

  (module Resistor_SMD:R_2512_6332Metric (layer F.Cu) (tedit 5B301BBD) (tstamp 5BC71AE7)
    (at 136.8088 110.8456)
    (descr "Resistor SMD 2512 (6332 Metric), square (rectangular) end terminal, IPC_7351 nominal, (Body size source: http://www.tortai-tech.com/upload/download/2011102023233369053.pdf), generated with kicad-footprint-generator")
    (tags resistor)
    (path /5BBACE89)
    (attr smd)
    (fp_text reference R7 (at 0 -2.62) (layer F.SilkS)
      (effects (font (size 1 1) (thickness 0.15)))
    )
    (fp_text value R (at 0 2.62) (layer F.Fab)
      (effects (font (size 1 1) (thickness 0.15)))
    )
    (fp_text user %R (at 0 0) (layer F.Fab)
      (effects (font (size 1 1) (thickness 0.15)))
    )
    (fp_line (start 3.82 1.92) (end -3.82 1.92) (layer F.CrtYd) (width 0.05))
    (fp_line (start 3.82 -1.92) (end 3.82 1.92) (layer F.CrtYd) (width 0.05))
    (fp_line (start -3.82 -1.92) (end 3.82 -1.92) (layer F.CrtYd) (width 0.05))
    (fp_line (start -3.82 1.92) (end -3.82 -1.92) (layer F.CrtYd) (width 0.05))
    (fp_line (start -2.052064 1.71) (end 2.052064 1.71) (layer F.SilkS) (width 0.12))
    (fp_line (start -2.052064 -1.71) (end 2.052064 -1.71) (layer F.SilkS) (width 0.12))
    (fp_line (start 3.15 1.6) (end -3.15 1.6) (layer F.Fab) (width 0.1))
    (fp_line (start 3.15 -1.6) (end 3.15 1.6) (layer F.Fab) (width 0.1))
    (fp_line (start -3.15 -1.6) (end 3.15 -1.6) (layer F.Fab) (width 0.1))
    (fp_line (start -3.15 1.6) (end -3.15 -1.6) (layer F.Fab) (width 0.1))
    (pad 2 smd roundrect (at 2.9 0) (size 1.35 3.35) (layers F.Cu F.Paste F.Mask) (roundrect_rratio 0.185185)
      (net 5 /I+))
    (pad 1 smd roundrect (at -2.9 0) (size 1.35 3.35) (layers F.Cu F.Paste F.Mask) (roundrect_rratio 0.185185)
      (net 6 /I-))
    (model ${KISYS3DMOD}/Resistor_SMD.3dshapes/R_2512_6332Metric.wrl
      (at (xyz 0 0 0))
      (scale (xyz 1 1 1))
      (rotate (xyz 0 0 0))
    )
  )

  (module Resistor_SMD:R_2512_6332Metric (layer F.Cu) (tedit 5B301BBD) (tstamp 5BC71B47)
    (at 136.8088 106.934)
    (descr "Resistor SMD 2512 (6332 Metric), square (rectangular) end terminal, IPC_7351 nominal, (Body size source: http://www.tortai-tech.com/upload/download/2011102023233369053.pdf), generated with kicad-footprint-generator")
    (tags resistor)
    (path /5BBACE6E)
    (attr smd)
    (fp_text reference R8 (at 0 -2.62) (layer F.SilkS)
      (effects (font (size 1 1) (thickness 0.15)))
    )
    (fp_text value R (at 0 2.62) (layer F.Fab)
      (effects (font (size 1 1) (thickness 0.15)))
    )
    (fp_line (start -3.15 1.6) (end -3.15 -1.6) (layer F.Fab) (width 0.1))
    (fp_line (start -3.15 -1.6) (end 3.15 -1.6) (layer F.Fab) (width 0.1))
    (fp_line (start 3.15 -1.6) (end 3.15 1.6) (layer F.Fab) (width 0.1))
    (fp_line (start 3.15 1.6) (end -3.15 1.6) (layer F.Fab) (width 0.1))
    (fp_line (start -2.052064 -1.71) (end 2.052064 -1.71) (layer F.SilkS) (width 0.12))
    (fp_line (start -2.052064 1.71) (end 2.052064 1.71) (layer F.SilkS) (width 0.12))
    (fp_line (start -3.82 1.92) (end -3.82 -1.92) (layer F.CrtYd) (width 0.05))
    (fp_line (start -3.82 -1.92) (end 3.82 -1.92) (layer F.CrtYd) (width 0.05))
    (fp_line (start 3.82 -1.92) (end 3.82 1.92) (layer F.CrtYd) (width 0.05))
    (fp_line (start 3.82 1.92) (end -3.82 1.92) (layer F.CrtYd) (width 0.05))
    (fp_text user %R (at 0 0) (layer F.Fab)
      (effects (font (size 1 1) (thickness 0.15)))
    )
    (pad 1 smd roundrect (at -2.9 0) (size 1.35 3.35) (layers F.Cu F.Paste F.Mask) (roundrect_rratio 0.185185)
      (net 6 /I-))
    (pad 2 smd roundrect (at 2.9 0) (size 1.35 3.35) (layers F.Cu F.Paste F.Mask) (roundrect_rratio 0.185185)
      (net 5 /I+))
    (model ${KISYS3DMOD}/Resistor_SMD.3dshapes/R_2512_6332Metric.wrl
      (at (xyz 0 0 0))
      (scale (xyz 1 1 1))
      (rotate (xyz 0 0 0))
    )
  )

  (module Resistor_SMD:R_2512_6332Metric (layer F.Cu) (tedit 5B301BBD) (tstamp 5BC71DED)
    (at 136.8 103.0224)
    (descr "Resistor SMD 2512 (6332 Metric), square (rectangular) end terminal, IPC_7351 nominal, (Body size source: http://www.tortai-tech.com/upload/download/2011102023233369053.pdf), generated with kicad-footprint-generator")
    (tags resistor)
    (path /5BBACE4D)
    (attr smd)
    (fp_text reference R9 (at 0 -2.62) (layer F.SilkS)
      (effects (font (size 1 1) (thickness 0.15)))
    )
    (fp_text value R (at 0 2.62) (layer F.Fab)
      (effects (font (size 1 1) (thickness 0.15)))
    )
    (fp_text user %R (at 0 0) (layer F.Fab)
      (effects (font (size 1 1) (thickness 0.15)))
    )
    (fp_line (start 3.82 1.92) (end -3.82 1.92) (layer F.CrtYd) (width 0.05))
    (fp_line (start 3.82 -1.92) (end 3.82 1.92) (layer F.CrtYd) (width 0.05))
    (fp_line (start -3.82 -1.92) (end 3.82 -1.92) (layer F.CrtYd) (width 0.05))
    (fp_line (start -3.82 1.92) (end -3.82 -1.92) (layer F.CrtYd) (width 0.05))
    (fp_line (start -2.052064 1.71) (end 2.052064 1.71) (layer F.SilkS) (width 0.12))
    (fp_line (start -2.052064 -1.71) (end 2.052064 -1.71) (layer F.SilkS) (width 0.12))
    (fp_line (start 3.15 1.6) (end -3.15 1.6) (layer F.Fab) (width 0.1))
    (fp_line (start 3.15 -1.6) (end 3.15 1.6) (layer F.Fab) (width 0.1))
    (fp_line (start -3.15 -1.6) (end 3.15 -1.6) (layer F.Fab) (width 0.1))
    (fp_line (start -3.15 1.6) (end -3.15 -1.6) (layer F.Fab) (width 0.1))
    (pad 2 smd roundrect (at 2.9 0) (size 1.35 3.35) (layers F.Cu F.Paste F.Mask) (roundrect_rratio 0.185185)
      (net 5 /I+))
    (pad 1 smd roundrect (at -2.9 0) (size 1.35 3.35) (layers F.Cu F.Paste F.Mask) (roundrect_rratio 0.185185)
      (net 6 /I-))
    (model ${KISYS3DMOD}/Resistor_SMD.3dshapes/R_2512_6332Metric.wrl
      (at (xyz 0 0 0))
      (scale (xyz 1 1 1))
      (rotate (xyz 0 0 0))
    )
  )

  (module Resistor_SMD:R_2512_6332Metric (layer F.Cu) (tedit 5B301BBD) (tstamp 5BBC1517)
    (at 136.8088 99.1108)
    (descr "Resistor SMD 2512 (6332 Metric), square (rectangular) end terminal, IPC_7351 nominal, (Body size source: http://www.tortai-tech.com/upload/download/2011102023233369053.pdf), generated with kicad-footprint-generator")
    (tags resistor)
    (path /5BBACDCE)
    (attr smd)
    (fp_text reference R10 (at 0 -2.62) (layer F.SilkS)
      (effects (font (size 1 1) (thickness 0.15)))
    )
    (fp_text value R (at 0 2.62) (layer F.Fab)
      (effects (font (size 1 1) (thickness 0.15)))
    )
    (fp_line (start -3.15 1.6) (end -3.15 -1.6) (layer F.Fab) (width 0.1))
    (fp_line (start -3.15 -1.6) (end 3.15 -1.6) (layer F.Fab) (width 0.1))
    (fp_line (start 3.15 -1.6) (end 3.15 1.6) (layer F.Fab) (width 0.1))
    (fp_line (start 3.15 1.6) (end -3.15 1.6) (layer F.Fab) (width 0.1))
    (fp_line (start -2.052064 -1.71) (end 2.052064 -1.71) (layer F.SilkS) (width 0.12))
    (fp_line (start -2.052064 1.71) (end 2.052064 1.71) (layer F.SilkS) (width 0.12))
    (fp_line (start -3.82 1.92) (end -3.82 -1.92) (layer F.CrtYd) (width 0.05))
    (fp_line (start -3.82 -1.92) (end 3.82 -1.92) (layer F.CrtYd) (width 0.05))
    (fp_line (start 3.82 -1.92) (end 3.82 1.92) (layer F.CrtYd) (width 0.05))
    (fp_line (start 3.82 1.92) (end -3.82 1.92) (layer F.CrtYd) (width 0.05))
    (fp_text user %R (at 0 0) (layer F.Fab)
      (effects (font (size 1 1) (thickness 0.15)))
    )
    (pad 1 smd roundrect (at -2.9 0) (size 1.35 3.35) (layers F.Cu F.Paste F.Mask) (roundrect_rratio 0.185185)
      (net 6 /I-))
    (pad 2 smd roundrect (at 2.9 0) (size 1.35 3.35) (layers F.Cu F.Paste F.Mask) (roundrect_rratio 0.185185)
      (net 5 /I+))
    (model ${KISYS3DMOD}/Resistor_SMD.3dshapes/R_2512_6332Metric.wrl
      (at (xyz 0 0 0))
      (scale (xyz 1 1 1))
      (rotate (xyz 0 0 0))
    )
  )

  (module Resistor_SMD:R_0603_1608Metric (layer F.Cu) (tedit 5B301BBD) (tstamp 5BC71CC1)
    (at 141.6812 140.9953 270)
    (descr "Resistor SMD 0603 (1608 Metric), square (rectangular) end terminal, IPC_7351 nominal, (Body size source: http://www.tortai-tech.com/upload/download/2011102023233369053.pdf), generated with kicad-footprint-generator")
    (tags resistor)
    (path /5BBB10C1)
    (attr smd)
    (fp_text reference R11 (at 0 -1.43 270) (layer F.SilkS)
      (effects (font (size 1 1) (thickness 0.15)))
    )
    (fp_text value R (at 0 1.43 270) (layer F.Fab)
      (effects (font (size 1 1) (thickness 0.15)))
    )
    (fp_line (start -0.8 0.4) (end -0.8 -0.4) (layer F.Fab) (width 0.1))
    (fp_line (start -0.8 -0.4) (end 0.8 -0.4) (layer F.Fab) (width 0.1))
    (fp_line (start 0.8 -0.4) (end 0.8 0.4) (layer F.Fab) (width 0.1))
    (fp_line (start 0.8 0.4) (end -0.8 0.4) (layer F.Fab) (width 0.1))
    (fp_line (start -0.162779 -0.51) (end 0.162779 -0.51) (layer F.SilkS) (width 0.12))
    (fp_line (start -0.162779 0.51) (end 0.162779 0.51) (layer F.SilkS) (width 0.12))
    (fp_line (start -1.48 0.73) (end -1.48 -0.73) (layer F.CrtYd) (width 0.05))
    (fp_line (start -1.48 -0.73) (end 1.48 -0.73) (layer F.CrtYd) (width 0.05))
    (fp_line (start 1.48 -0.73) (end 1.48 0.73) (layer F.CrtYd) (width 0.05))
    (fp_line (start 1.48 0.73) (end -1.48 0.73) (layer F.CrtYd) (width 0.05))
    (fp_text user %R (at 0 0 270) (layer F.Fab)
      (effects (font (size 0.4 0.4) (thickness 0.06)))
    )
    (pad 1 smd roundrect (at -0.7875 0 270) (size 0.875 0.95) (layers F.Cu F.Paste F.Mask) (roundrect_rratio 0.25)
      (net 2 GND))
    (pad 2 smd roundrect (at 0.7875 0 270) (size 0.875 0.95) (layers F.Cu F.Paste F.Mask) (roundrect_rratio 0.25)
      (net 4 /VOUT))
    (model ${KISYS3DMOD}/Resistor_SMD.3dshapes/R_0603_1608Metric.wrl
      (at (xyz 0 0 0))
      (scale (xyz 1 1 1))
      (rotate (xyz 0 0 0))
    )
  )

  (module Package_TO_SOT_SMD:SOT-23-5 (layer F.Cu) (tedit 5A02FF57) (tstamp 5BBC18B2)
    (at 136.8552 140.3604 180)
    (descr "5-pin SOT23 package")
    (tags SOT-23-5)
    (path /5BBACD21)
    (attr smd)
    (fp_text reference U1 (at 0 -2.9 180) (layer F.SilkS)
      (effects (font (size 1 1) (thickness 0.15)))
    )
    (fp_text value INA138 (at 0 2.9 180) (layer F.Fab)
      (effects (font (size 1 1) (thickness 0.15)))
    )
    (fp_text user %R (at 0 0 270) (layer F.Fab)
      (effects (font (size 0.5 0.5) (thickness 0.075)))
    )
    (fp_line (start -0.9 1.61) (end 0.9 1.61) (layer F.SilkS) (width 0.12))
    (fp_line (start 0.9 -1.61) (end -1.55 -1.61) (layer F.SilkS) (width 0.12))
    (fp_line (start -1.9 -1.8) (end 1.9 -1.8) (layer F.CrtYd) (width 0.05))
    (fp_line (start 1.9 -1.8) (end 1.9 1.8) (layer F.CrtYd) (width 0.05))
    (fp_line (start 1.9 1.8) (end -1.9 1.8) (layer F.CrtYd) (width 0.05))
    (fp_line (start -1.9 1.8) (end -1.9 -1.8) (layer F.CrtYd) (width 0.05))
    (fp_line (start -0.9 -0.9) (end -0.25 -1.55) (layer F.Fab) (width 0.1))
    (fp_line (start 0.9 -1.55) (end -0.25 -1.55) (layer F.Fab) (width 0.1))
    (fp_line (start -0.9 -0.9) (end -0.9 1.55) (layer F.Fab) (width 0.1))
    (fp_line (start 0.9 1.55) (end -0.9 1.55) (layer F.Fab) (width 0.1))
    (fp_line (start 0.9 -1.55) (end 0.9 1.55) (layer F.Fab) (width 0.1))
    (pad 1 smd rect (at -1.1 -0.95 180) (size 1.06 0.65) (layers F.Cu F.Paste F.Mask)
      (net 4 /VOUT))
    (pad 2 smd rect (at -1.1 0 180) (size 1.06 0.65) (layers F.Cu F.Paste F.Mask)
      (net 2 GND))
    (pad 3 smd rect (at -1.1 0.95 180) (size 1.06 0.65) (layers F.Cu F.Paste F.Mask)
      (net 5 /I+))
    (pad 4 smd rect (at 1.1 0.95 180) (size 1.06 0.65) (layers F.Cu F.Paste F.Mask)
      (net 6 /I-))
    (pad 5 smd rect (at 1.1 -0.95 180) (size 1.06 0.65) (layers F.Cu F.Paste F.Mask)
      (net 1 VCC))
    (model ${KISYS3DMOD}/Package_TO_SOT_SMD.3dshapes/SOT-23-5.wrl
      (at (xyz 0 0 0))
      (scale (xyz 1 1 1))
      (rotate (xyz 0 0 0))
    )
  )

  (module Connector_PinHeader_2.54mm:PinHeader_1x02_P2.54mm_Vertical (layer F.Cu) (tedit 59FED5CC) (tstamp 5BBC1242)
    (at 144.4752 142.2908 180)
    (descr "Through hole straight pin header, 1x02, 2.54mm pitch, single row")
    (tags "Through hole pin header THT 1x02 2.54mm single row")
    (path /5BBB644D)
    (fp_text reference J4 (at 0 -2.33 180) (layer F.SilkS)
      (effects (font (size 1 1) (thickness 0.15)))
    )
    (fp_text value Conn_01x02_Female (at 0 4.87 180) (layer F.Fab)
      (effects (font (size 1 1) (thickness 0.15)))
    )
    (fp_line (start -0.635 -1.27) (end 1.27 -1.27) (layer F.Fab) (width 0.1))
    (fp_line (start 1.27 -1.27) (end 1.27 3.81) (layer F.Fab) (width 0.1))
    (fp_line (start 1.27 3.81) (end -1.27 3.81) (layer F.Fab) (width 0.1))
    (fp_line (start -1.27 3.81) (end -1.27 -0.635) (layer F.Fab) (width 0.1))
    (fp_line (start -1.27 -0.635) (end -0.635 -1.27) (layer F.Fab) (width 0.1))
    (fp_line (start -1.33 3.87) (end 1.33 3.87) (layer F.SilkS) (width 0.12))
    (fp_line (start -1.33 1.27) (end -1.33 3.87) (layer F.SilkS) (width 0.12))
    (fp_line (start 1.33 1.27) (end 1.33 3.87) (layer F.SilkS) (width 0.12))
    (fp_line (start -1.33 1.27) (end 1.33 1.27) (layer F.SilkS) (width 0.12))
    (fp_line (start -1.33 0) (end -1.33 -1.33) (layer F.SilkS) (width 0.12))
    (fp_line (start -1.33 -1.33) (end 0 -1.33) (layer F.SilkS) (width 0.12))
    (fp_line (start -1.8 -1.8) (end -1.8 4.35) (layer F.CrtYd) (width 0.05))
    (fp_line (start -1.8 4.35) (end 1.8 4.35) (layer F.CrtYd) (width 0.05))
    (fp_line (start 1.8 4.35) (end 1.8 -1.8) (layer F.CrtYd) (width 0.05))
    (fp_line (start 1.8 -1.8) (end -1.8 -1.8) (layer F.CrtYd) (width 0.05))
    (fp_text user %R (at 0 1.27 270) (layer F.Fab)
      (effects (font (size 1 1) (thickness 0.15)))
    )
    (pad 1 thru_hole rect (at 0 0 180) (size 1.7 1.7) (drill 1) (layers *.Cu *.Mask)
      (net 4 /VOUT))
    (pad 2 thru_hole oval (at 0 2.54 180) (size 1.7 1.7) (drill 1) (layers *.Cu *.Mask)
      (net 2 GND))
    (model ${KISYS3DMOD}/Connector_PinHeader_2.54mm.3dshapes/PinHeader_1x02_P2.54mm_Vertical.wrl
      (at (xyz 0 0 0))
      (scale (xyz 1 1 1))
      (rotate (xyz 0 0 0))
    )
